set I := 1;
set K := 1;
set N := 1;
set L := 1 2;


set T_trip :=
450
451
452
453
454
455
456
457
458
459
460
461
462
463
464
465
466
467
468
469
470
471
472
473
474
475
476
477
478
479
480
481
482
483
484
485
486
487
488
489
490
491
492
493
494
495
496
497
498
499
500
501
502
503
504
505
506
507
508
509
510
511
512
513
514
515
516
517
518
519
520
521
522
523
524
525
526
527
528
529
530
531
532
533
534
535
536
537
538
539
540
541
542
543
544
545
546
547
548
549
550
551
552
553
554
555
556
557
558
559
560
561
562
563
564
565
566
567
568
569
570
571
572
573
574
575
576
577
578
579
580
581
582
583
584
585
586
587
588
589
590
591
592
593
594
595
596
597
598
599
600
601
602
603
604
605
606
607
608
609
610
611
612
613
614
615
616
617
618
619
620
621
622
623
624
625
626
627
628
629
630
631
632
633
634
635
636
637
638
639
640
641
642
643
644
645
646
647
648
649
650
651
652
653
654
655
656
657
658
659
660
661
662
663
664
665
666
667
668
669
670
671
672
673
674
675
676
677
678
679
680
681
682
683
684
685
686
687
688
689
690
691
692
693
694
695
696
697
698
699
700
701
702
703
704
705
706
707
708
709
710
711
712
713
714
715
716
717
718
719
720
721
722
723
724
725
726
727
728
729
730
731
732
733
734
735
736
737
738
739
740
741
742
743
744
745
746
747
748
749
750
751
752
753
754
755
756
757
758
759
760
761
762
763
764
765
766
767
768
769
770
771
772
773
774
775
776
777
778
779
780
781
782
783
784
785
786
787
788
789
790
791
792
793
794
795
796
797
798
799
800
801
802
803
804
805
806
807
808
809
810
811
812
813
814
815
816
817
818
819
820
821
822
823
824
825
826
827
828
829
830
831
832
833
834
835
836
837
838
839
840
841
842
843
844
845
846
847
848
849
850
851
852
853
854
855
856
857
858
859
860
861
862
863
864
865
866
867
868
869
870
871
872
873
874
875
876
877
878
879
880
881
882
883
884
885
886
887
888
889
890
891
892
893
894
895
896
897
898
899
900
901
902
903
904
905
906
907
908
909
910
911
912
913
914
915
916
917
918
919
920
921
922
923
924
925
926
927
928
929
930
931
932
933
934
935
936
937
938
939
940
941
942
943
944
945
946
947
948
949
950
951
952
953
954
955
956
957
958
959
960
961
962
963
964
965
966
967
968
969
970
971
972
973
974
975
976
977
978
979
980
981
982
983
984
985
986
987
988
989
990
991
992
993
994
995
996
997
998
999
1000
1001
1002
1003
1004
1005
1006
1007
1008
1009
1010
1011
1012
1013
1014
1015
1016
1017
1018
1019
1020
1021
1022
1023
1024
1025
1026
1027
1028
1029
1030
1031
1032
1033
1034
1035
1036
1037
1038
1039
1040
1041
1042
1043
1044
1045
1046
1047
1048
1049
1050
1051
1052
1053
1054
1055
1056
1057
1058
1059
1060
1061
1062
1063
1064
1065
1066
1067
1068
1069
1070
1071
1072
1073
1074
1075
1076
1077
1078
1079
1080;

set T :=
1
2
3
4
5
6
7
8
9
10
11
12
13
14
15
16
17
18
19
20
21
22
23
24
25
26
27
28
29
30
31
32
33
34
35
36
37
38
39
40
41
42
43
44
45
46
47
48
49
50
51
52
53
54
55
56
57
58
59
60
61
62
63
64
65
66
67
68
69
70
71
72
73
74
75
76
77
78
79
80
81
82
83
84
85
86
87
88
89
90
91
92
93
94
95
96
97
98
99
100
101
102
103
104
105
106
107
108
109
110
111
112
113
114
115
116
117
118
119
120
121
122
123
124
125
126
127
128
129
130
131
132
133
134
135
136
137
138
139
140
141
142
143
144
145
146
147
148
149
150
151
152
153
154
155
156
157
158
159
160
161
162
163
164
165
166
167
168
169
170
171
172
173
174
175
176
177
178
179
180
181
182
183
184
185
186
187
188
189
190
191
192
193
194
195
196
197
198
199
200
201
202
203
204
205
206
207
208
209
210
211
212
213
214
215
216
217
218
219
220
221
222
223
224
225
226
227
228
229
230
231
232
233
234
235
236
237
238
239
240
241
242
243
244
245
246
247
248
249
250
251
252
253
254
255
256
257
258
259
260
261
262
263
264
265
266
267
268
269
270
271
272
273
274
275
276
277
278
279
280
281
282
283
284
285
286
287
288
289
290
291
292
293
294
295
296
297
298
299
300
301
302
303
304
305
306
307
308
309
310
311
312
313
314
315
316
317
318
319
320
321
322
323
324
325
326
327
328
329
330
331
332
333
334
335
336
337
338
339
340
341
342
343
344
345
346
347
348
349
350
351
352
353
354
355
356
357
358
359
360
361
362
363
364
365
366
367
368
369
370
371
372
373
374
375
376
377
378
379
380
381
382
383
384
385
386
387
388
389
390
391
392
393
394
395
396
397
398
399
400
401
402
403
404
405
406
407
408
409
410
411
412
413
414
415
416
417
418
419
420
421
422
423
424
425
426
427
428
429
430
431
432
433
434
435
436
437
438
439
440
441
442
443
444
445
446
447
448
449
450
451
452
453
454
455
456
457
458
459
460
461
462
463
464
465
466
467
468
469
470
471
472
473
474
475
476
477
478
479
480
481
482
483
484
485
486
487
488
489
490
491
492
493
494
495
496
497
498
499
500
501
502
503
504
505
506
507
508
509
510
511
512
513
514
515
516
517
518
519
520
521
522
523
524
525
526
527
528
529
530
531
532
533
534
535
536
537
538
539
540
541
542
543
544
545
546
547
548
549
550
551
552
553
554
555
556
557
558
559
560
561
562
563
564
565
566
567
568
569
570
571
572
573
574
575
576
577
578
579
580
581
582
583
584
585
586
587
588
589
590
591
592
593
594
595
596
597
598
599
600
601
602
603
604
605
606
607
608
609
610
611
612
613
614
615
616
617
618
619
620
621
622
623
624
625
626
627
628
629
630
631
632
633
634
635
636
637
638
639
640
641
642
643
644
645
646
647
648
649
650
651
652
653
654
655
656
657
658
659
660
661
662
663
664
665
666
667
668
669
670
671
672
673
674
675
676
677
678
679
680
681
682
683
684
685
686
687
688
689
690
691
692
693
694
695
696
697
698
699
700
701
702
703
704
705
706
707
708
709
710
711
712
713
714
715
716
717
718
719
720
721
722
723
724
725
726
727
728
729
730
731
732
733
734
735
736
737
738
739
740
741
742
743
744
745
746
747
748
749
750
751
752
753
754
755
756
757
758
759
760
761
762
763
764
765
766
767
768
769
770
771
772
773
774
775
776
777
778
779
780
781
782
783
784
785
786
787
788
789
790
791
792
793
794
795
796
797
798
799
800
801
802
803
804
805
806
807
808
809
810
811
812
813
814
815
816
817
818
819
820
821
822
823
824
825
826
827
828
829
830
831
832
833
834
835
836
837
838
839
840
841
842
843
844
845
846
847
848
849
850
851
852
853
854
855
856
857
858
859
860
861
862
863
864
865
866
867
868
869
870
871
872
873
874
875
876
877
878
879
880
881
882
883
884
885
886
887
888
889
890
891
892
893
894
895
896
897
898
899
900
901
902
903
904
905
906
907
908
909
910
911
912
913
914
915
916
917
918
919
920
921
922
923
924
925
926
927
928
929
930
931
932
933
934
935
936
937
938
939
940
941
942
943
944
945
946
947
948
949
950
951
952
953
954
955
956
957
958
959
960
961
962
963
964
965
966
967
968
969
970
971
972
973
974
975
976
977
978
979
980
981
982
983
984
985
986
987
988
989
990
991
992
993
994
995
996
997
998
999
1000
1001
1002
1003
1004
1005
1006
1007
1008
1009
1010
1011
1012
1013
1014
1015
1016
1017
1018
1019
1020
1021
1022
1023
1024
1025
1026
1027
1028
1029
1030
1031
1032
1033
1034
1035
1036
1037
1038
1039
1040
1041
1042
1043
1044
1045
1046
1047
1048
1049
1050
1051
1052
1053
1054
1055
1056
1057
1058
1059
1060
1061
1062
1063
1064
1065
1066
1067
1068
1069
1070
1071
1072
1073
1074
1075
1076
1077
1078
1079
1080
1081
1082
1083
1084
1085
1086
1087
1088
1089
1090
1091
1092
1093
1094
1095
1096
1097
1098
1099
1100
1101
1102
1103
1104
1105
1106
1107
1108
1109
1110
1111
1112
1113
1114
1115
1116
1117
1118
1119
1120
1121
1122
1123
1124
1125
1126
1127
1128
1129
1130
1131
1132
1133
1134
1135
1136
1137
1138
1139
1140
1141
1142
1143
1144
1145
1146
1147
1148
1149
1150
1151
1152
1153
1154
1155
1156
1157
1158
1159
1160
1161
1162
1163
1164
1165
1166
1167
1168
1169
1170
1171
1172
1173
1174
1175
1176
1177
1178
1179
1180
1181
1182
1183
1184
1185
1186
1187
1188
1189
1190
1191
1192
1193
1194
1195
1196
1197
1198
1199
1200
1201
1202
1203
1204
1205
1206
1207
1208
1209
1210
1211
1212
1213
1214
1215
1216
1217
1218
1219
1220
1221
1222
1223
1224
1225
1226
1227
1228
1229
1230
1231
1232
1233
1234
1235
1236
1237
1238
1239
1240
1241
1242
1243
1244
1245
1246
1247
1248
1249
1250
1251
1252
1253
1254
1255
1256
1257
1258
1259
1260
1261
1262
1263
1264
1265
1266
1267
1268
1269
1270
1271
1272
1273
1274
1275
1276
1277
1278
1279
1280
1281
1282
1283
1284
1285
1286
1287
1288
1289
1290
1291
1292
1293
1294
1295
1296
1297
1298
1299
1300
1301
1302
1303
1304
1305
1306
1307
1308
1309
1310
1311
1312
1313
1314
1315
1316
1317
1318
1319
1320
1321
1322
1323
1324
1325
1326
1327
1328
1329
1330
1331
1332
1333
1334
1335
1336
1337
1338
1339
1340
1341
1342
1343
1344
1345
1346
1347
1348
1349
1350
1351
1352
1353
1354
1355
1356
1357
1358
1359
1360
1361
1362
1363
1364
1365
1366
1367
1368
1369
1370
1371
1372
1373
1374
1375
1376
1377
1378
1379
1380
1381
1382
1383
1384
1385
1386
1387
1388
1389
1390
1391
1392
1393
1394
1395
1396
1397
1398
1399
1400
1401
1402
1403
1404
1405
1406
1407
1408
1409
1410
1411
1412
1413
1414
1415
1416
1417
1418
1419
1420
1421
1422
1423
1424
1425
1426
1427
1428
1429
1430
1431
1432
1433
1434
1435
1436
1437
1438
1439
1440;

param T_start :=
1 450;
param T_end :=
1 1080;
param alpha :=
1 1.3;
param beta :=
1 1.3;
param ch_eff := 0.9;
param dch_eff := 1.111111111;
param gama :=
1 0.220301704;

param E_0 := 0.2;
param E_min := 0.2;
param E_max := 1;
param E_end := 0.2;
param C_bat :=
1 348;

param U_pow :=
1 1.33
2 2.66;

param U_price :=
1 2.1696
2 4.3392;

param U_max :=
1 3;
param R := 130;
param Ah := 905452;
param V := 512;

param P :=
1	0.0146
2	0.0146
3	0.0146
4	0.0146
5	0.0146
6	0.0146
7	0.0146
8	0.0146
9	0.0146
10	0.0146
11	0.0146
12	0.0146
13	0.0146
14	0.0146
15	0.0146
16	0.0146
17	0.0146
18	0.0146
19	0.0146
20	0.0146
21	0.0146
22	0.0146
23	0.0146
24	0.0146
25	0.0146
26	0.0146
27	0.0146
28	0.0146
29	0.0146
30	0.0146
31	0.0146
32	0.0146
33	0.0146
34	0.0146
35	0.0146
36	0.0146
37	0.0146
38	0.0146
39	0.0146
40	0.0146
41	0.0146
42	0.0146
43	0.0146
44	0.0146
45	0.0146
46	0.0146
47	0.0146
48	0.0146
49	0.0146
50	0.0146
51	0.0146
52	0.0146
53	0.0146
54	0.0146
55	0.0146
56	0.0146
57	0.0146
58	0.0146
59	0.0146
60	0.0146
61	0.0146
62	0.0146
63	0.0146
64	0.0146
65	0.0146
66	0.0146
67	0.0146
68	0.0146
69	0.0146
70	0.0146
71	0.0146
72	0.0146
73	0.0146
74	0.0146
75	0.0146
76	0.0146
77	0.0146
78	0.0146
79	0.0146
80	0.0146
81	0.0146
82	0.0146
83	0.0146
84	0.0146
85	0.0146
86	0.0146
87	0.0146
88	0.0146
89	0.0146
90	0.0146
91	0.0146
92	0.0146
93	0.0146
94	0.0146
95	0.0146
96	0.0146
97	0.0146
98	0.0146
99	0.0146
100	0.0146
101	0.0146
102	0.0146
103	0.0146
104	0.0146
105	0.0146
106	0.0146
107	0.0146
108	0.0146
109	0.0146
110	0.0146
111	0.0146
112	0.0146
113	0.0146
114	0.0146
115	0.0146
116	0.0146
117	0.0146
118	0.0146
119	0.0146
120	0.0141
121	0.0141
122	0.0141
123	0.0141
124	0.0141
125	0.0141
126	0.0141
127	0.0141
128	0.0141
129	0.0141
130	0.0141
131	0.0141
132	0.0141
133	0.0141
134	0.0141
135	0.0141
136	0.0141
137	0.0141
138	0.0141
139	0.0141
140	0.0141
141	0.0141
142	0.0141
143	0.0141
144	0.0141
145	0.0141
146	0.0141
147	0.0141
148	0.0141
149	0.0141
150	0.0141
151	0.0141
152	0.0141
153	0.0141
154	0.0141
155	0.0141
156	0.0141
157	0.0141
158	0.0141
159	0.0141
160	0.0141
161	0.0141
162	0.0141
163	0.0141
164	0.0141
165	0.0141
166	0.0141
167	0.0141
168	0.0141
169	0.0141
170	0.0141
171	0.0141
172	0.0141
173	0.0141
174	0.0141
175	0.0141
176	0.0141
177	0.0141
178	0.0141
179	0.0141
180	0.0141
181	0.0141
182	0.0141
183	0.0141
184	0.0141
185	0.0141
186	0.0141
187	0.0141
188	0.0141
189	0.0141
190	0.0141
191	0.0141
192	0.0141
193	0.0141
194	0.0141
195	0.0141
196	0.0141
197	0.0141
198	0.0141
199	0.0141
200	0.0141
201	0.0141
202	0.0141
203	0.0141
204	0.0141
205	0.0141
206	0.0141
207	0.0141
208	0.0141
209	0.0141
210	0.0141
211	0.0141
212	0.0141
213	0.0141
214	0.0141
215	0.0141
216	0.0141
217	0.0141
218	0.0141
219	0.0141
220	0.0141
221	0.0141
222	0.0141
223	0.0141
224	0.0141
225	0.0141
226	0.0141
227	0.0141
228	0.0141
229	0.0141
230	0.0141
231	0.0141
232	0.0141
233	0.0141
234	0.0141
235	0.0141
236	0.0141
237	0.0141
238	0.0141
239	0.0141
240	0.0141
241	0.0141
242	0.0141
243	0.0141
244	0.0141
245	0.0141
246	0.0141
247	0.0141
248	0.0141
249	0.0141
250	0.0141
251	0.0141
252	0.0141
253	0.0141
254	0.0141
255	0.0141
256	0.0141
257	0.0141
258	0.0141
259	0.0141
260	0.0141
261	0.0141
262	0.0141
263	0.0141
264	0.0141
265	0.0141
266	0.0141
267	0.0141
268	0.0141
269	0.0141
270	0.0141
271	0.0141
272	0.0141
273	0.0141
274	0.0141
275	0.0141
276	0.0141
277	0.0141
278	0.0141
279	0.0141
280	0.0141
281	0.0141
282	0.0141
283	0.0141
284	0.0141
285	0.0141
286	0.0141
287	0.0141
288	0.0141
289	0.0141
290	0.0141
291	0.0141
292	0.0141
293	0.0141
294	0.0141
295	0.0141
296	0.0141
297	0.0141
298	0.0141
299	0.0141
300	0.0141
301	0.0141
302	0.0141
303	0.0141
304	0.0141
305	0.0141
306	0.0141
307	0.0141
308	0.0141
309	0.0141
310	0.0141
311	0.0141
312	0.0141
313	0.0141
314	0.0141
315	0.0141
316	0.0141
317	0.0141
318	0.0141
319	0.0141
320	0.0141
321	0.0141
322	0.0141
323	0.0141
324	0.0141
325	0.0141
326	0.0141
327	0.0141
328	0.0141
329	0.0141
330	0.0141
331	0.0141
332	0.0141
333	0.0141
334	0.0141
335	0.0141
336	0.0141
337	0.0141
338	0.0141
339	0.0141
340	0.0141
341	0.0141
342	0.0141
343	0.0141
344	0.0141
345	0.0141
346	0.0141
347	0.0141
348	0.0141
349	0.0141
350	0.0141
351	0.0141
352	0.0141
353	0.0141
354	0.0141
355	0.0141
356	0.0141
357	0.0141
358	0.0141
359	0.0141
360	0.0146
361	0.0146
362	0.0146
363	0.0146
364	0.0146
365	0.0146
366	0.0146
367	0.0146
368	0.0146
369	0.0146
370	0.0146
371	0.0146
372	0.0146
373	0.0146
374	0.0146
375	0.0146
376	0.0146
377	0.0146
378	0.0146
379	0.0146
380	0.0146
381	0.0146
382	0.0146
383	0.0146
384	0.0146
385	0.0146
386	0.0146
387	0.0146
388	0.0146
389	0.0146
390	0.0146
391	0.0146
392	0.0146
393	0.0146
394	0.0146
395	0.0146
396	0.0146
397	0.0146
398	0.0146
399	0.0146
400	0.0146
401	0.0146
402	0.0146
403	0.0146
404	0.0146
405	0.0146
406	0.0146
407	0.0146
408	0.0146
409	0.0146
410	0.0146
411	0.0146
412	0.0146
413	0.0146
414	0.0146
415	0.0146
416	0.0146
417	0.0146
418	0.0146
419	0.0146
420	0.0146
421	0.0146
422	0.0146
423	0.0146
424	0.0146
425	0.0146
426	0.0146
427	0.0146
428	0.0146
429	0.0146
430	0.0146
431	0.0146
432	0.0146
433	0.0146
434	0.0146
435	0.0146
436	0.0146
437	0.0146
438	0.0146
439	0.0146
440	0.0146
441	0.0146
442	0.0146
443	0.0146
444	0.0146
445	0.0146
446	0.0146
447	0.0146
448	0.0146
449	0.0146
450	0.0146
451	0.0146
452	0.0146
453	0.0146
454	0.0146
455	0.0146
456	0.0146
457	0.0146
458	0.0146
459	0.0146
460	0.0146
461	0.0146
462	0.0146
463	0.0146
464	0.0146
465	0.0146
466	0.0146
467	0.0146
468	0.0146
469	0.0146
470	0.0146
471	0.0146
472	0.0146
473	0.0146
474	0.0146
475	0.0146
476	0.0146
477	0.0146
478	0.0146
479	0.0146
480	0.0407
481	0.0407
482	0.0407
483	0.0407
484	0.0407
485	0.0407
486	0.0407
487	0.0407
488	0.0407
489	0.0407
490	0.0407
491	0.0407
492	0.0407
493	0.0407
494	0.0407
495	0.0407
496	0.0407
497	0.0407
498	0.0407
499	0.0407
500	0.0407
501	0.0407
502	0.0407
503	0.0407
504	0.0407
505	0.0407
506	0.0407
507	0.0407
508	0.0407
509	0.0407
510	0.0407
511	0.0407
512	0.0407
513	0.0407
514	0.0407
515	0.0407
516	0.0407
517	0.0407
518	0.0407
519	0.0407
520	0.0407
521	0.0407
522	0.0407
523	0.0407
524	0.0407
525	0.0407
526	0.0407
527	0.0407
528	0.0407
529	0.0407
530	0.0407
531	0.0407
532	0.0407
533	0.0407
534	0.0407
535	0.0407
536	0.0407
537	0.0407
538	0.0407
539	0.0407
540	0.0567
541	0.0567
542	0.0567
543	0.0567
544	0.0567
545	0.0567
546	0.0567
547	0.0567
548	0.0567
549	0.0567
550	0.0567
551	0.0567
552	0.0567
553	0.0567
554	0.0567
555	0.0567
556	0.0567
557	0.0567
558	0.0567
559	0.0567
560	0.0567
561	0.0567
562	0.0567
563	0.0567
564	0.0567
565	0.0567
566	0.0567
567	0.0567
568	0.0567
569	0.0567
570	0.0567
571	0.0567
572	0.0567
573	0.0567
574	0.0567
575	0.0567
576	0.0567
577	0.0567
578	0.0567
579	0.0567
580	0.0567
581	0.0567
582	0.0567
583	0.0567
584	0.0567
585	0.0567
586	0.0567
587	0.0567
588	0.0567
589	0.0567
590	0.0567
591	0.0567
592	0.0567
593	0.0567
594	0.0567
595	0.0567
596	0.0567
597	0.0567
598	0.0567
599	0.0567
600	0.0567
601	0.0567
602	0.0567
603	0.0567
604	0.0567
605	0.0567
606	0.0567
607	0.0567
608	0.0567
609	0.0567
610	0.0567
611	0.0567
612	0.0567
613	0.0567
614	0.0567
615	0.0567
616	0.0567
617	0.0567
618	0.0567
619	0.0567
620	0.0567
621	0.0567
622	0.0567
623	0.0567
624	0.0567
625	0.0567
626	0.0567
627	0.0567
628	0.0567
629	0.0567
630	0.0407
631	0.0407
632	0.0407
633	0.0407
634	0.0407
635	0.0407
636	0.0407
637	0.0407
638	0.0407
639	0.0407
640	0.0407
641	0.0407
642	0.0407
643	0.0407
644	0.0407
645	0.0407
646	0.0407
647	0.0407
648	0.0407
649	0.0407
650	0.0407
651	0.0407
652	0.0407
653	0.0407
654	0.0407
655	0.0407
656	0.0407
657	0.0407
658	0.0407
659	0.0407
660	0.0407
661	0.0407
662	0.0407
663	0.0407
664	0.0407
665	0.0407
666	0.0407
667	0.0407
668	0.0407
669	0.0407
670	0.0407
671	0.0407
672	0.0407
673	0.0407
674	0.0407
675	0.0407
676	0.0407
677	0.0407
678	0.0407
679	0.0407
680	0.0407
681	0.0407
682	0.0407
683	0.0407
684	0.0407
685	0.0407
686	0.0407
687	0.0407
688	0.0407
689	0.0407
690	0.0407
691	0.0407
692	0.0407
693	0.0407
694	0.0407
695	0.0407
696	0.0407
697	0.0407
698	0.0407
699	0.0407
700	0.0407
701	0.0407
702	0.0407
703	0.0407
704	0.0407
705	0.0407
706	0.0407
707	0.0407
708	0.0407
709	0.0407
710	0.0407
711	0.0407
712	0.0407
713	0.0407
714	0.0407
715	0.0407
716	0.0407
717	0.0407
718	0.0407
719	0.0407
720	0.0407
721	0.0407
722	0.0407
723	0.0407
724	0.0407
725	0.0407
726	0.0407
727	0.0407
728	0.0407
729	0.0407
730	0.0407
731	0.0407
732	0.0407
733	0.0407
734	0.0407
735	0.0407
736	0.0407
737	0.0407
738	0.0407
739	0.0407
740	0.0407
741	0.0407
742	0.0407
743	0.0407
744	0.0407
745	0.0407
746	0.0407
747	0.0407
748	0.0407
749	0.0407
750	0.0407
751	0.0407
752	0.0407
753	0.0407
754	0.0407
755	0.0407
756	0.0407
757	0.0407
758	0.0407
759	0.0407
760	0.0407
761	0.0407
762	0.0407
763	0.0407
764	0.0407
765	0.0407
766	0.0407
767	0.0407
768	0.0407
769	0.0407
770	0.0407
771	0.0407
772	0.0407
773	0.0407
774	0.0407
775	0.0407
776	0.0407
777	0.0407
778	0.0407
779	0.0407
780	0.0407
781	0.0407
782	0.0407
783	0.0407
784	0.0407
785	0.0407
786	0.0407
787	0.0407
788	0.0407
789	0.0407
790	0.0407
791	0.0407
792	0.0407
793	0.0407
794	0.0407
795	0.0407
796	0.0407
797	0.0407
798	0.0407
799	0.0407
800	0.0407
801	0.0407
802	0.0407
803	0.0407
804	0.0407
805	0.0407
806	0.0407
807	0.0407
808	0.0407
809	0.0407
810	0.0407
811	0.0407
812	0.0407
813	0.0407
814	0.0407
815	0.0407
816	0.0407
817	0.0407
818	0.0407
819	0.0407
820	0.0407
821	0.0407
822	0.0407
823	0.0407
824	0.0407
825	0.0407
826	0.0407
827	0.0407
828	0.0407
829	0.0407
830	0.0407
831	0.0407
832	0.0407
833	0.0407
834	0.0407
835	0.0407
836	0.0407
837	0.0407
838	0.0407
839	0.0407
840	0.0407
841	0.0407
842	0.0407
843	0.0407
844	0.0407
845	0.0407
846	0.0407
847	0.0407
848	0.0407
849	0.0407
850	0.0407
851	0.0407
852	0.0407
853	0.0407
854	0.0407
855	0.0407
856	0.0407
857	0.0407
858	0.0407
859	0.0407
860	0.0407
861	0.0407
862	0.0407
863	0.0407
864	0.0407
865	0.0407
866	0.0407
867	0.0407
868	0.0407
869	0.0407
870	0.0407
871	0.0407
872	0.0407
873	0.0407
874	0.0407
875	0.0407
876	0.0407
877	0.0407
878	0.0407
879	0.0407
880	0.0407
881	0.0407
882	0.0407
883	0.0407
884	0.0407
885	0.0407
886	0.0407
887	0.0407
888	0.0407
889	0.0407
890	0.0407
891	0.0407
892	0.0407
893	0.0407
894	0.0407
895	0.0407
896	0.0407
897	0.0407
898	0.0407
899	0.0407
900	0.0407
901	0.0407
902	0.0407
903	0.0407
904	0.0407
905	0.0407
906	0.0407
907	0.0407
908	0.0407
909	0.0407
910	0.0407
911	0.0407
912	0.0407
913	0.0407
914	0.0407
915	0.0407
916	0.0407
917	0.0407
918	0.0407
919	0.0407
920	0.0407
921	0.0407
922	0.0407
923	0.0407
924	0.0407
925	0.0407
926	0.0407
927	0.0407
928	0.0407
929	0.0407
930	0.0407
931	0.0407
932	0.0407
933	0.0407
934	0.0407
935	0.0407
936	0.0407
937	0.0407
938	0.0407
939	0.0407
940	0.0407
941	0.0407
942	0.0407
943	0.0407
944	0.0407
945	0.0407
946	0.0407
947	0.0407
948	0.0407
949	0.0407
950	0.0407
951	0.0407
952	0.0407
953	0.0407
954	0.0407
955	0.0407
956	0.0407
957	0.0407
958	0.0407
959	0.0407
960	0.0407
961	0.0407
962	0.0407
963	0.0407
964	0.0407
965	0.0407
966	0.0407
967	0.0407
968	0.0407
969	0.0407
970	0.0407
971	0.0407
972	0.0407
973	0.0407
974	0.0407
975	0.0407
976	0.0407
977	0.0407
978	0.0407
979	0.0407
980	0.0407
981	0.0407
982	0.0407
983	0.0407
984	0.0407
985	0.0407
986	0.0407
987	0.0407
988	0.0407
989	0.0407
990	0.0407
991	0.0407
992	0.0407
993	0.0407
994	0.0407
995	0.0407
996	0.0407
997	0.0407
998	0.0407
999	0.0407
1000	0.0407
1001	0.0407
1002	0.0407
1003	0.0407
1004	0.0407
1005	0.0407
1006	0.0407
1007	0.0407
1008	0.0407
1009	0.0407
1010	0.0407
1011	0.0407
1012	0.0407
1013	0.0407
1014	0.0407
1015	0.0407
1016	0.0407
1017	0.0407
1018	0.0407
1019	0.0407
1020	0.0407
1021	0.0407
1022	0.0407
1023	0.0407
1024	0.0407
1025	0.0407
1026	0.0407
1027	0.0407
1028	0.0407
1029	0.0407
1030	0.0407
1031	0.0407
1032	0.0407
1033	0.0407
1034	0.0407
1035	0.0407
1036	0.0407
1037	0.0407
1038	0.0407
1039	0.0407
1040	0.0407
1041	0.0407
1042	0.0407
1043	0.0407
1044	0.0407
1045	0.0407
1046	0.0407
1047	0.0407
1048	0.0407
1049	0.0407
1050	0.0407
1051	0.0407
1052	0.0407
1053	0.0407
1054	0.0407
1055	0.0407
1056	0.0407
1057	0.0407
1058	0.0407
1059	0.0407
1060	0.0407
1061	0.0407
1062	0.0407
1063	0.0407
1064	0.0407
1065	0.0407
1066	0.0407
1067	0.0407
1068	0.0407
1069	0.0407
1070	0.0407
1071	0.0407
1072	0.0407
1073	0.0407
1074	0.0407
1075	0.0407
1076	0.0407
1077	0.0407
1078	0.0407
1079	0.0407
1080	0.0567
1081	0.0567
1082	0.0567
1083	0.0567
1084	0.0567
1085	0.0567
1086	0.0567
1087	0.0567
1088	0.0567
1089	0.0567
1090	0.0567
1091	0.0567
1092	0.0567
1093	0.0567
1094	0.0567
1095	0.0567
1096	0.0567
1097	0.0567
1098	0.0567
1099	0.0567
1100	0.0567
1101	0.0567
1102	0.0567
1103	0.0567
1104	0.0567
1105	0.0567
1106	0.0567
1107	0.0567
1108	0.0567
1109	0.0567
1110	0.0567
1111	0.0567
1112	0.0567
1113	0.0567
1114	0.0567
1115	0.0567
1116	0.0567
1117	0.0567
1118	0.0567
1119	0.0567
1120	0.0567
1121	0.0567
1122	0.0567
1123	0.0567
1124	0.0567
1125	0.0567
1126	0.0567
1127	0.0567
1128	0.0567
1129	0.0567
1130	0.0567
1131	0.0567
1132	0.0567
1133	0.0567
1134	0.0567
1135	0.0567
1136	0.0567
1137	0.0567
1138	0.0567
1139	0.0567
1140	0.0567
1141	0.0567
1142	0.0567
1143	0.0567
1144	0.0567
1145	0.0567
1146	0.0567
1147	0.0567
1148	0.0567
1149	0.0567
1150	0.0567
1151	0.0567
1152	0.0567
1153	0.0567
1154	0.0567
1155	0.0567
1156	0.0567
1157	0.0567
1158	0.0567
1159	0.0567
1160	0.0567
1161	0.0567
1162	0.0567
1163	0.0567
1164	0.0567
1165	0.0567
1166	0.0567
1167	0.0567
1168	0.0567
1169	0.0567
1170	0.0567
1171	0.0567
1172	0.0567
1173	0.0567
1174	0.0567
1175	0.0567
1176	0.0567
1177	0.0567
1178	0.0567
1179	0.0567
1180	0.0567
1181	0.0567
1182	0.0567
1183	0.0567
1184	0.0567
1185	0.0567
1186	0.0567
1187	0.0567
1188	0.0567
1189	0.0567
1190	0.0567
1191	0.0567
1192	0.0567
1193	0.0567
1194	0.0567
1195	0.0567
1196	0.0567
1197	0.0567
1198	0.0567
1199	0.0567
1200	0.0567
1201	0.0567
1202	0.0567
1203	0.0567
1204	0.0567
1205	0.0567
1206	0.0567
1207	0.0567
1208	0.0567
1209	0.0567
1210	0.0567
1211	0.0567
1212	0.0567
1213	0.0567
1214	0.0567
1215	0.0567
1216	0.0567
1217	0.0567
1218	0.0567
1219	0.0567
1220	0.0567
1221	0.0567
1222	0.0567
1223	0.0567
1224	0.0567
1225	0.0567
1226	0.0567
1227	0.0567
1228	0.0567
1229	0.0567
1230	0.0407
1231	0.0407
1232	0.0407
1233	0.0407
1234	0.0407
1235	0.0407
1236	0.0407
1237	0.0407
1238	0.0407
1239	0.0407
1240	0.0407
1241	0.0407
1242	0.0407
1243	0.0407
1244	0.0407
1245	0.0407
1246	0.0407
1247	0.0407
1248	0.0407
1249	0.0407
1250	0.0407
1251	0.0407
1252	0.0407
1253	0.0407
1254	0.0407
1255	0.0407
1256	0.0407
1257	0.0407
1258	0.0407
1259	0.0407
1260	0.0407
1261	0.0407
1262	0.0407
1263	0.0407
1264	0.0407
1265	0.0407
1266	0.0407
1267	0.0407
1268	0.0407
1269	0.0407
1270	0.0407
1271	0.0407
1272	0.0407
1273	0.0407
1274	0.0407
1275	0.0407
1276	0.0407
1277	0.0407
1278	0.0407
1279	0.0407
1280	0.0407
1281	0.0407
1282	0.0407
1283	0.0407
1284	0.0407
1285	0.0407
1286	0.0407
1287	0.0407
1288	0.0407
1289	0.0407
1290	0.0407
1291	0.0407
1292	0.0407
1293	0.0407
1294	0.0407
1295	0.0407
1296	0.0407
1297	0.0407
1298	0.0407
1299	0.0407
1300	0.0407
1301	0.0407
1302	0.0407
1303	0.0407
1304	0.0407
1305	0.0407
1306	0.0407
1307	0.0407
1308	0.0407
1309	0.0407
1310	0.0407
1311	0.0407
1312	0.0407
1313	0.0407
1314	0.0407
1315	0.0407
1316	0.0407
1317	0.0407
1318	0.0407
1319	0.0407
1320	0.0146
1321	0.0146
1322	0.0146
1323	0.0146
1324	0.0146
1325	0.0146
1326	0.0146
1327	0.0146
1328	0.0146
1329	0.0146
1330	0.0146
1331	0.0146
1332	0.0146
1333	0.0146
1334	0.0146
1335	0.0146
1336	0.0146
1337	0.0146
1338	0.0146
1339	0.0146
1340	0.0146
1341	0.0146
1342	0.0146
1343	0.0146
1344	0.0146
1345	0.0146
1346	0.0146
1347	0.0146
1348	0.0146
1349	0.0146
1350	0.0146
1351	0.0146
1352	0.0146
1353	0.0146
1354	0.0146
1355	0.0146
1356	0.0146
1357	0.0146
1358	0.0146
1359	0.0146
1360	0.0146
1361	0.0146
1362	0.0146
1363	0.0146
1364	0.0146
1365	0.0146
1366	0.0146
1367	0.0146
1368	0.0146
1369	0.0146
1370	0.0146
1371	0.0146
1372	0.0146
1373	0.0146
1374	0.0146
1375	0.0146
1376	0.0146
1377	0.0146
1378	0.0146
1379	0.0146
1380	0.0146
1381	0.0146
1382	0.0146
1383	0.0146
1384	0.0146
1385	0.0146
1386	0.0146
1387	0.0146
1388	0.0146
1389	0.0146
1390	0.0146
1391	0.0146
1392	0.0146
1393	0.0146
1394	0.0146
1395	0.0146
1396	0.0146
1397	0.0146
1398	0.0146
1399	0.0146
1400	0.0146
1401	0.0146
1402	0.0146
1403	0.0146
1404	0.0146
1405	0.0146
1406	0.0146
1407	0.0146
1408	0.0146
1409	0.0146
1410	0.0146
1411	0.0146
1412	0.0146
1413	0.0146
1414	0.0146
1415	0.0146
1416	0.0146
1417	0.0146
1418	0.0146
1419	0.0146
1420	0.0146
1421	0.0146
1422	0.0146
1423	0.0146
1424	0.0146
1425	0.0146
1426	0.0146
1427	0.0146
1428	0.0146
1429	0.0146
1430	0.0146
1431	0.0146
1432	0.0146
1433	0.0146
1434	0.0146
1435	0.0146
1436	0.0146
1437	0.0146
1438	0.0146
1439	0.0146
1440	0.0146;

param S := 
1	0.00365
2	0.00365
3	0.00365
4	0.00365
5	0.00365
6	0.00365
7	0.00365
8	0.00365
9	0.00365
10	0.00365
11	0.00365
12	0.00365
13	0.00365
14	0.00365
15	0.00365
16	0.00365
17	0.00365
18	0.00365
19	0.00365
20	0.00365
21	0.00365
22	0.00365
23	0.00365
24	0.00365
25	0.00365
26	0.00365
27	0.00365
28	0.00365
29	0.00365
30	0.00365
31	0.00365
32	0.00365
33	0.00365
34	0.00365
35	0.00365
36	0.00365
37	0.00365
38	0.00365
39	0.00365
40	0.00365
41	0.00365
42	0.00365
43	0.00365
44	0.00365
45	0.00365
46	0.00365
47	0.00365
48	0.00365
49	0.00365
50	0.00365
51	0.00365
52	0.00365
53	0.00365
54	0.00365
55	0.00365
56	0.00365
57	0.00365
58	0.00365
59	0.00365
60	0.00365
61	0.00365
62	0.00365
63	0.00365
64	0.00365
65	0.00365
66	0.00365
67	0.00365
68	0.00365
69	0.00365
70	0.00365
71	0.00365
72	0.00365
73	0.00365
74	0.00365
75	0.00365
76	0.00365
77	0.00365
78	0.00365
79	0.00365
80	0.00365
81	0.00365
82	0.00365
83	0.00365
84	0.00365
85	0.00365
86	0.00365
87	0.00365
88	0.00365
89	0.00365
90	0.00365
91	0.00365
92	0.00365
93	0.00365
94	0.00365
95	0.00365
96	0.00365
97	0.00365
98	0.00365
99	0.00365
100	0.00365
101	0.00365
102	0.00365
103	0.00365
104	0.00365
105	0.00365
106	0.00365
107	0.00365
108	0.00365
109	0.00365
110	0.00365
111	0.00365
112	0.00365
113	0.00365
114	0.00365
115	0.00365
116	0.00365
117	0.00365
118	0.00365
119	0.00365
120	0.003525
121	0.003525
122	0.003525
123	0.003525
124	0.003525
125	0.003525
126	0.003525
127	0.003525
128	0.003525
129	0.003525
130	0.003525
131	0.003525
132	0.003525
133	0.003525
134	0.003525
135	0.003525
136	0.003525
137	0.003525
138	0.003525
139	0.003525
140	0.003525
141	0.003525
142	0.003525
143	0.003525
144	0.003525
145	0.003525
146	0.003525
147	0.003525
148	0.003525
149	0.003525
150	0.003525
151	0.003525
152	0.003525
153	0.003525
154	0.003525
155	0.003525
156	0.003525
157	0.003525
158	0.003525
159	0.003525
160	0.003525
161	0.003525
162	0.003525
163	0.003525
164	0.003525
165	0.003525
166	0.003525
167	0.003525
168	0.003525
169	0.003525
170	0.003525
171	0.003525
172	0.003525
173	0.003525
174	0.003525
175	0.003525
176	0.003525
177	0.003525
178	0.003525
179	0.003525
180	0.003525
181	0.003525
182	0.003525
183	0.003525
184	0.003525
185	0.003525
186	0.003525
187	0.003525
188	0.003525
189	0.003525
190	0.003525
191	0.003525
192	0.003525
193	0.003525
194	0.003525
195	0.003525
196	0.003525
197	0.003525
198	0.003525
199	0.003525
200	0.003525
201	0.003525
202	0.003525
203	0.003525
204	0.003525
205	0.003525
206	0.003525
207	0.003525
208	0.003525
209	0.003525
210	0.003525
211	0.003525
212	0.003525
213	0.003525
214	0.003525
215	0.003525
216	0.003525
217	0.003525
218	0.003525
219	0.003525
220	0.003525
221	0.003525
222	0.003525
223	0.003525
224	0.003525
225	0.003525
226	0.003525
227	0.003525
228	0.003525
229	0.003525
230	0.003525
231	0.003525
232	0.003525
233	0.003525
234	0.003525
235	0.003525
236	0.003525
237	0.003525
238	0.003525
239	0.003525
240	0.003525
241	0.003525
242	0.003525
243	0.003525
244	0.003525
245	0.003525
246	0.003525
247	0.003525
248	0.003525
249	0.003525
250	0.003525
251	0.003525
252	0.003525
253	0.003525
254	0.003525
255	0.003525
256	0.003525
257	0.003525
258	0.003525
259	0.003525
260	0.003525
261	0.003525
262	0.003525
263	0.003525
264	0.003525
265	0.003525
266	0.003525
267	0.003525
268	0.003525
269	0.003525
270	0.003525
271	0.003525
272	0.003525
273	0.003525
274	0.003525
275	0.003525
276	0.003525
277	0.003525
278	0.003525
279	0.003525
280	0.003525
281	0.003525
282	0.003525
283	0.003525
284	0.003525
285	0.003525
286	0.003525
287	0.003525
288	0.003525
289	0.003525
290	0.003525
291	0.003525
292	0.003525
293	0.003525
294	0.003525
295	0.003525
296	0.003525
297	0.003525
298	0.003525
299	0.003525
300	0.003525
301	0.003525
302	0.003525
303	0.003525
304	0.003525
305	0.003525
306	0.003525
307	0.003525
308	0.003525
309	0.003525
310	0.003525
311	0.003525
312	0.003525
313	0.003525
314	0.003525
315	0.003525
316	0.003525
317	0.003525
318	0.003525
319	0.003525
320	0.003525
321	0.003525
322	0.003525
323	0.003525
324	0.003525
325	0.003525
326	0.003525
327	0.003525
328	0.003525
329	0.003525
330	0.003525
331	0.003525
332	0.003525
333	0.003525
334	0.003525
335	0.003525
336	0.003525
337	0.003525
338	0.003525
339	0.003525
340	0.003525
341	0.003525
342	0.003525
343	0.003525
344	0.003525
345	0.003525
346	0.003525
347	0.003525
348	0.003525
349	0.003525
350	0.003525
351	0.003525
352	0.003525
353	0.003525
354	0.003525
355	0.003525
356	0.003525
357	0.003525
358	0.003525
359	0.003525
360	0.00365
361	0.00365
362	0.00365
363	0.00365
364	0.00365
365	0.00365
366	0.00365
367	0.00365
368	0.00365
369	0.00365
370	0.00365
371	0.00365
372	0.00365
373	0.00365
374	0.00365
375	0.00365
376	0.00365
377	0.00365
378	0.00365
379	0.00365
380	0.00365
381	0.00365
382	0.00365
383	0.00365
384	0.00365
385	0.00365
386	0.00365
387	0.00365
388	0.00365
389	0.00365
390	0.00365
391	0.00365
392	0.00365
393	0.00365
394	0.00365
395	0.00365
396	0.00365
397	0.00365
398	0.00365
399	0.00365
400	0.00365
401	0.00365
402	0.00365
403	0.00365
404	0.00365
405	0.00365
406	0.00365
407	0.00365
408	0.00365
409	0.00365
410	0.00365
411	0.00365
412	0.00365
413	0.00365
414	0.00365
415	0.00365
416	0.00365
417	0.00365
418	0.00365
419	0.00365
420	0.00365
421	0.00365
422	0.00365
423	0.00365
424	0.00365
425	0.00365
426	0.00365
427	0.00365
428	0.00365
429	0.00365
430	0.00365
431	0.00365
432	0.00365
433	0.00365
434	0.00365
435	0.00365
436	0.00365
437	0.00365
438	0.00365
439	0.00365
440	0.00365
441	0.00365
442	0.00365
443	0.00365
444	0.00365
445	0.00365
446	0.00365
447	0.00365
448	0.00365
449	0.00365
450	0.00365
451	0.00365
452	0.00365
453	0.00365
454	0.00365
455	0.00365
456	0.00365
457	0.00365
458	0.00365
459	0.00365
460	0.00365
461	0.00365
462	0.00365
463	0.00365
464	0.00365
465	0.00365
466	0.00365
467	0.00365
468	0.00365
469	0.00365
470	0.00365
471	0.00365
472	0.00365
473	0.00365
474	0.00365
475	0.00365
476	0.00365
477	0.00365
478	0.00365
479	0.00365
480	0.010175
481	0.010175
482	0.010175
483	0.010175
484	0.010175
485	0.010175
486	0.010175
487	0.010175
488	0.010175
489	0.010175
490	0.010175
491	0.010175
492	0.010175
493	0.010175
494	0.010175
495	0.010175
496	0.010175
497	0.010175
498	0.010175
499	0.010175
500	0.010175
501	0.010175
502	0.010175
503	0.010175
504	0.010175
505	0.010175
506	0.010175
507	0.010175
508	0.010175
509	0.010175
510	0.010175
511	0.010175
512	0.010175
513	0.010175
514	0.010175
515	0.010175
516	0.010175
517	0.010175
518	0.010175
519	0.010175
520	0.010175
521	0.010175
522	0.010175
523	0.010175
524	0.010175
525	0.010175
526	0.010175
527	0.010175
528	0.010175
529	0.010175
530	0.010175
531	0.010175
532	0.010175
533	0.010175
534	0.010175
535	0.010175
536	0.010175
537	0.010175
538	0.010175
539	0.010175
540	0.014175
541	0.014175
542	0.014175
543	0.014175
544	0.014175
545	0.014175
546	0.014175
547	0.014175
548	0.014175
549	0.014175
550	0.014175
551	0.014175
552	0.014175
553	0.014175
554	0.014175
555	0.014175
556	0.014175
557	0.014175
558	0.014175
559	0.014175
560	0.014175
561	0.014175
562	0.014175
563	0.014175
564	0.014175
565	0.014175
566	0.014175
567	0.014175
568	0.014175
569	0.014175
570	0.014175
571	0.014175
572	0.014175
573	0.014175
574	0.014175
575	0.014175
576	0.014175
577	0.014175
578	0.014175
579	0.014175
580	0.014175
581	0.014175
582	0.014175
583	0.014175
584	0.014175
585	0.014175
586	0.014175
587	0.014175
588	0.014175
589	0.014175
590	0.014175
591	0.014175
592	0.014175
593	0.014175
594	0.014175
595	0.014175
596	0.014175
597	0.014175
598	0.014175
599	0.014175
600	0.014175
601	0.014175
602	0.014175
603	0.014175
604	0.014175
605	0.014175
606	0.014175
607	0.014175
608	0.014175
609	0.014175
610	0.014175
611	0.014175
612	0.014175
613	0.014175
614	0.014175
615	0.014175
616	0.014175
617	0.014175
618	0.014175
619	0.014175
620	0.014175
621	0.014175
622	0.014175
623	0.014175
624	0.014175
625	0.014175
626	0.014175
627	0.014175
628	0.014175
629	0.014175
630	0.010175
631	0.010175
632	0.010175
633	0.010175
634	0.010175
635	0.010175
636	0.010175
637	0.010175
638	0.010175
639	0.010175
640	0.010175
641	0.010175
642	0.010175
643	0.010175
644	0.010175
645	0.010175
646	0.010175
647	0.010175
648	0.010175
649	0.010175
650	0.010175
651	0.010175
652	0.010175
653	0.010175
654	0.010175
655	0.010175
656	0.010175
657	0.010175
658	0.010175
659	0.010175
660	0.010175
661	0.010175
662	0.010175
663	0.010175
664	0.010175
665	0.010175
666	0.010175
667	0.010175
668	0.010175
669	0.010175
670	0.010175
671	0.010175
672	0.010175
673	0.010175
674	0.010175
675	0.010175
676	0.010175
677	0.010175
678	0.010175
679	0.010175
680	0.010175
681	0.010175
682	0.010175
683	0.010175
684	0.010175
685	0.010175
686	0.010175
687	0.010175
688	0.010175
689	0.010175
690	0.010175
691	0.010175
692	0.010175
693	0.010175
694	0.010175
695	0.010175
696	0.010175
697	0.010175
698	0.010175
699	0.010175
700	0.010175
701	0.010175
702	0.010175
703	0.010175
704	0.010175
705	0.010175
706	0.010175
707	0.010175
708	0.010175
709	0.010175
710	0.010175
711	0.010175
712	0.010175
713	0.010175
714	0.010175
715	0.010175
716	0.010175
717	0.010175
718	0.010175
719	0.010175
720	0.010175
721	0.010175
722	0.010175
723	0.010175
724	0.010175
725	0.010175
726	0.010175
727	0.010175
728	0.010175
729	0.010175
730	0.010175
731	0.010175
732	0.010175
733	0.010175
734	0.010175
735	0.010175
736	0.010175
737	0.010175
738	0.010175
739	0.010175
740	0.010175
741	0.010175
742	0.010175
743	0.010175
744	0.010175
745	0.010175
746	0.010175
747	0.010175
748	0.010175
749	0.010175
750	0.010175
751	0.010175
752	0.010175
753	0.010175
754	0.010175
755	0.010175
756	0.010175
757	0.010175
758	0.010175
759	0.010175
760	0.010175
761	0.010175
762	0.010175
763	0.010175
764	0.010175
765	0.010175
766	0.010175
767	0.010175
768	0.010175
769	0.010175
770	0.010175
771	0.010175
772	0.010175
773	0.010175
774	0.010175
775	0.010175
776	0.010175
777	0.010175
778	0.010175
779	0.010175
780	0.010175
781	0.010175
782	0.010175
783	0.010175
784	0.010175
785	0.010175
786	0.010175
787	0.010175
788	0.010175
789	0.010175
790	0.010175
791	0.010175
792	0.010175
793	0.010175
794	0.010175
795	0.010175
796	0.010175
797	0.010175
798	0.010175
799	0.010175
800	0.010175
801	0.010175
802	0.010175
803	0.010175
804	0.010175
805	0.010175
806	0.010175
807	0.010175
808	0.010175
809	0.010175
810	0.010175
811	0.010175
812	0.010175
813	0.010175
814	0.010175
815	0.010175
816	0.010175
817	0.010175
818	0.010175
819	0.010175
820	0.010175
821	0.010175
822	0.010175
823	0.010175
824	0.010175
825	0.010175
826	0.010175
827	0.010175
828	0.010175
829	0.010175
830	0.010175
831	0.010175
832	0.010175
833	0.010175
834	0.010175
835	0.010175
836	0.010175
837	0.010175
838	0.010175
839	0.010175
840	0.010175
841	0.010175
842	0.010175
843	0.010175
844	0.010175
845	0.010175
846	0.010175
847	0.010175
848	0.010175
849	0.010175
850	0.010175
851	0.010175
852	0.010175
853	0.010175
854	0.010175
855	0.010175
856	0.010175
857	0.010175
858	0.010175
859	0.010175
860	0.010175
861	0.010175
862	0.010175
863	0.010175
864	0.010175
865	0.010175
866	0.010175
867	0.010175
868	0.010175
869	0.010175
870	0.010175
871	0.010175
872	0.010175
873	0.010175
874	0.010175
875	0.010175
876	0.010175
877	0.010175
878	0.010175
879	0.010175
880	0.010175
881	0.010175
882	0.010175
883	0.010175
884	0.010175
885	0.010175
886	0.010175
887	0.010175
888	0.010175
889	0.010175
890	0.010175
891	0.010175
892	0.010175
893	0.010175
894	0.010175
895	0.010175
896	0.010175
897	0.010175
898	0.010175
899	0.010175
900	0.010175
901	0.010175
902	0.010175
903	0.010175
904	0.010175
905	0.010175
906	0.010175
907	0.010175
908	0.010175
909	0.010175
910	0.010175
911	0.010175
912	0.010175
913	0.010175
914	0.010175
915	0.010175
916	0.010175
917	0.010175
918	0.010175
919	0.010175
920	0.010175
921	0.010175
922	0.010175
923	0.010175
924	0.010175
925	0.010175
926	0.010175
927	0.010175
928	0.010175
929	0.010175
930	0.010175
931	0.010175
932	0.010175
933	0.010175
934	0.010175
935	0.010175
936	0.010175
937	0.010175
938	0.010175
939	0.010175
940	0.010175
941	0.010175
942	0.010175
943	0.010175
944	0.010175
945	0.010175
946	0.010175
947	0.010175
948	0.010175
949	0.010175
950	0.010175
951	0.010175
952	0.010175
953	0.010175
954	0.010175
955	0.010175
956	0.010175
957	0.010175
958	0.010175
959	0.010175
960	0.010175
961	0.010175
962	0.010175
963	0.010175
964	0.010175
965	0.010175
966	0.010175
967	0.010175
968	0.010175
969	0.010175
970	0.010175
971	0.010175
972	0.010175
973	0.010175
974	0.010175
975	0.010175
976	0.010175
977	0.010175
978	0.010175
979	0.010175
980	0.010175
981	0.010175
982	0.010175
983	0.010175
984	0.010175
985	0.010175
986	0.010175
987	0.010175
988	0.010175
989	0.010175
990	0.010175
991	0.010175
992	0.010175
993	0.010175
994	0.010175
995	0.010175
996	0.010175
997	0.010175
998	0.010175
999	0.010175
1000	0.010175
1001	0.010175
1002	0.010175
1003	0.010175
1004	0.010175
1005	0.010175
1006	0.010175
1007	0.010175
1008	0.010175
1009	0.010175
1010	0.010175
1011	0.010175
1012	0.010175
1013	0.010175
1014	0.010175
1015	0.010175
1016	0.010175
1017	0.010175
1018	0.010175
1019	0.010175
1020	0.010175
1021	0.010175
1022	0.010175
1023	0.010175
1024	0.010175
1025	0.010175
1026	0.010175
1027	0.010175
1028	0.010175
1029	0.010175
1030	0.010175
1031	0.010175
1032	0.010175
1033	0.010175
1034	0.010175
1035	0.010175
1036	0.010175
1037	0.010175
1038	0.010175
1039	0.010175
1040	0.010175
1041	0.010175
1042	0.010175
1043	0.010175
1044	0.010175
1045	0.010175
1046	0.010175
1047	0.010175
1048	0.010175
1049	0.010175
1050	0.010175
1051	0.010175
1052	0.010175
1053	0.010175
1054	0.010175
1055	0.010175
1056	0.010175
1057	0.010175
1058	0.010175
1059	0.010175
1060	0.010175
1061	0.010175
1062	0.010175
1063	0.010175
1064	0.010175
1065	0.010175
1066	0.010175
1067	0.010175
1068	0.010175
1069	0.010175
1070	0.010175
1071	0.010175
1072	0.010175
1073	0.010175
1074	0.010175
1075	0.010175
1076	0.010175
1077	0.010175
1078	0.010175
1079	0.010175
1080	0.014175
1081	0.014175
1082	0.014175
1083	0.014175
1084	0.014175
1085	0.014175
1086	0.014175
1087	0.014175
1088	0.014175
1089	0.014175
1090	0.014175
1091	0.014175
1092	0.014175
1093	0.014175
1094	0.014175
1095	0.014175
1096	0.014175
1097	0.014175
1098	0.014175
1099	0.014175
1100	0.014175
1101	0.014175
1102	0.014175
1103	0.014175
1104	0.014175
1105	0.014175
1106	0.014175
1107	0.014175
1108	0.014175
1109	0.014175
1110	0.014175
1111	0.014175
1112	0.014175
1113	0.014175
1114	0.014175
1115	0.014175
1116	0.014175
1117	0.014175
1118	0.014175
1119	0.014175
1120	0.014175
1121	0.014175
1122	0.014175
1123	0.014175
1124	0.014175
1125	0.014175
1126	0.014175
1127	0.014175
1128	0.014175
1129	0.014175
1130	0.014175
1131	0.014175
1132	0.014175
1133	0.014175
1134	0.014175
1135	0.014175
1136	0.014175
1137	0.014175
1138	0.014175
1139	0.014175
1140	0.014175
1141	0.014175
1142	0.014175
1143	0.014175
1144	0.014175
1145	0.014175
1146	0.014175
1147	0.014175
1148	0.014175
1149	0.014175
1150	0.014175
1151	0.014175
1152	0.014175
1153	0.014175
1154	0.014175
1155	0.014175
1156	0.014175
1157	0.014175
1158	0.014175
1159	0.014175
1160	0.014175
1161	0.014175
1162	0.014175
1163	0.014175
1164	0.014175
1165	0.014175
1166	0.014175
1167	0.014175
1168	0.014175
1169	0.014175
1170	0.014175
1171	0.014175
1172	0.014175
1173	0.014175
1174	0.014175
1175	0.014175
1176	0.014175
1177	0.014175
1178	0.014175
1179	0.014175
1180	0.014175
1181	0.014175
1182	0.014175
1183	0.014175
1184	0.014175
1185	0.014175
1186	0.014175
1187	0.014175
1188	0.014175
1189	0.014175
1190	0.014175
1191	0.014175
1192	0.014175
1193	0.014175
1194	0.014175
1195	0.014175
1196	0.014175
1197	0.014175
1198	0.014175
1199	0.014175
1200	0.014175
1201	0.014175
1202	0.014175
1203	0.014175
1204	0.014175
1205	0.014175
1206	0.014175
1207	0.014175
1208	0.014175
1209	0.014175
1210	0.014175
1211	0.014175
1212	0.014175
1213	0.014175
1214	0.014175
1215	0.014175
1216	0.014175
1217	0.014175
1218	0.014175
1219	0.014175
1220	0.014175
1221	0.014175
1222	0.014175
1223	0.014175
1224	0.014175
1225	0.014175
1226	0.014175
1227	0.014175
1228	0.014175
1229	0.014175
1230	0.010175
1231	0.010175
1232	0.010175
1233	0.010175
1234	0.010175
1235	0.010175
1236	0.010175
1237	0.010175
1238	0.010175
1239	0.010175
1240	0.010175
1241	0.010175
1242	0.010175
1243	0.010175
1244	0.010175
1245	0.010175
1246	0.010175
1247	0.010175
1248	0.010175
1249	0.010175
1250	0.010175
1251	0.010175
1252	0.010175
1253	0.010175
1254	0.010175
1255	0.010175
1256	0.010175
1257	0.010175
1258	0.010175
1259	0.010175
1260	0.010175
1261	0.010175
1262	0.010175
1263	0.010175
1264	0.010175
1265	0.010175
1266	0.010175
1267	0.010175
1268	0.010175
1269	0.010175
1270	0.010175
1271	0.010175
1272	0.010175
1273	0.010175
1274	0.010175
1275	0.010175
1276	0.010175
1277	0.010175
1278	0.010175
1279	0.010175
1280	0.010175
1281	0.010175
1282	0.010175
1283	0.010175
1284	0.010175
1285	0.010175
1286	0.010175
1287	0.010175
1288	0.010175
1289	0.010175
1290	0.010175
1291	0.010175
1292	0.010175
1293	0.010175
1294	0.010175
1295	0.010175
1296	0.010175
1297	0.010175
1298	0.010175
1299	0.010175
1300	0.010175
1301	0.010175
1302	0.010175
1303	0.010175
1304	0.010175
1305	0.010175
1306	0.010175
1307	0.010175
1308	0.010175
1309	0.010175
1310	0.010175
1311	0.010175
1312	0.010175
1313	0.010175
1314	0.010175
1315	0.010175
1316	0.010175
1317	0.010175
1318	0.010175
1319	0.010175
1320	0.00365
1321	0.00365
1322	0.00365
1323	0.00365
1324	0.00365
1325	0.00365
1326	0.00365
1327	0.00365
1328	0.00365
1329	0.00365
1330	0.00365
1331	0.00365
1332	0.00365
1333	0.00365
1334	0.00365
1335	0.00365
1336	0.00365
1337	0.00365
1338	0.00365
1339	0.00365
1340	0.00365
1341	0.00365
1342	0.00365
1343	0.00365
1344	0.00365
1345	0.00365
1346	0.00365
1347	0.00365
1348	0.00365
1349	0.00365
1350	0.00365
1351	0.00365
1352	0.00365
1353	0.00365
1354	0.00365
1355	0.00365
1356	0.00365
1357	0.00365
1358	0.00365
1359	0.00365
1360	0.00365
1361	0.00365
1362	0.00365
1363	0.00365
1364	0.00365
1365	0.00365
1366	0.00365
1367	0.00365
1368	0.00365
1369	0.00365
1370	0.00365
1371	0.00365
1372	0.00365
1373	0.00365
1374	0.00365
1375	0.00365
1376	0.00365
1377	0.00365
1378	0.00365
1379	0.00365
1380	0.00365
1381	0.00365
1382	0.00365
1383	0.00365
1384	0.00365
1385	0.00365
1386	0.00365
1387	0.00365
1388	0.00365
1389	0.00365
1390	0.00365
1391	0.00365
1392	0.00365
1393	0.00365
1394	0.00365
1395	0.00365
1396	0.00365
1397	0.00365
1398	0.00365
1399	0.00365
1400	0.00365
1401	0.00365
1402	0.00365
1403	0.00365
1404	0.00365
1405	0.00365
1406	0.00365
1407	0.00365
1408	0.00365
1409	0.00365
1410	0.00365
1411	0.00365
1412	0.00365
1413	0.00365
1414	0.00365
1415	0.00365
1416	0.00365
1417	0.00365
1418	0.00365
1419	0.00365
1420	0.00365
1421	0.00365
1422	0.00365
1423	0.00365
1424	0.00365
1425	0.00365
1426	0.00365
1427	0.00365
1428	0.00365
1429	0.00365
1430	0.00365
1431	0.00365
1432	0.00365
1433	0.00365
1434	0.00365
1435	0.00365
1436	0.00365
1437	0.00365
1438	0.00365
1439	0.00365
1440	0.00365;